0.0
0.0
0.0
54.61081650957186
2.4263176918029785
57.8166819374232
15.593791484832764
36.54654312143789
48.40118694315416
24.481707096099854
14.068706035714055
13.41413568972061
0.0
44.70987364555744
20.80074119567871
39.8416805267334
21.77960443486691
0.0
40.757272243499756
19.983229160308838
21.75543403625488
7.369261741538168
24.155007839202966
21.475956916909073
19.62466526031494
0.0
72.96179723739624
41.84067153930664
0.0
0.0
45.62467288970947
11.453726768493652
5.654295512656168
12.38141964838627
2.8206203865645065
52.608798980612775
26.294459342956543
1.3418457455842727
36.28520728195055
9.876115798950195
23.903376579284668
19.045690536499023
0.0
29.632380962371826
23.894936561584473
0.0
15.448758868496526
45.035908699035645
0.0
43.01587820053098
21.072256088256843
90.28019428253174
0.0
0.0
67.15820074081421
9.569680690666095
14.47632098197937
33.457923889259135
40.65522243304292
19.842510223388686
25.040327548980585
24.487330436706458
19.045690536499023
24.329411506652704
0.0
15.690702915291524
0.0
5.349565982818731
8.037429809670279
13.177974700927734
11.026690006258082
17.257606506347457
21.450765132904067
27.554458618164062
6.593724250793457
16.17271137237549
18.34892773628235
50.06587028503418
0.0
0.0
47.27401542663574
0.0
19.62466526031494
51.42536687850952
25.096895217895508
33.53233528137207
40.936654091081365
0.6565437316894531
16.212545394897475
9.044172763824463
5.799544334511754
4.618527782440651e-14
2.70604276647099
67.17616081267813
22.017904281916202
17.360601902308048
24.329411506652825
19.896578311920294
22.010396926055577
25.302894115547964
12.197041480293663
51.1504602432251
0.0
0.0
17.807494671295757
46.81791639338013
92.4073920249939
0.0
30.91788530349732
18.84546422958374
16.17271137237549
17.041224002838117
20.80074119567871
18.802802085876465
0.0
0.0
8.641905784607061
19.800998687745043
3.483139860739282
4.593094110788911
19.97091293334961
31.619511365890503
13.009986639022827
34.180273294548726
64.61719171256412
22.342577934365295
0.0
24.9080331325531
39.72523260116577
38.47474193572998
0.0
9.138232707977295
40.96737051010132
3.986334800720215
2.8956198692322346
33.645267486572266
2.4263176918029785
0.0
31.52592897415161
38.59866452217102
0.6807147864396058
16.79540634219299
26.232476234436035
27.544156523251118
6.254719495773315
4.553102493386149
18.539614200592037
22.278586061036833
14.162078857522076
5.467507600784302
46.704461097717285
20.915639431824147
49.669052123910014
4.867044438477592
31.829773425955963
0.0
25.610951423644934
16.716396808624268
54.394176721572876
13.480400562286349
0.2430072076447569
32.8131628036499
19.968496322631836
23.894936561584473
29.112778874317513
14.400908533160525
